. 61111111 201 5.

111111 1111111111.

3111111111 17 ’1.

Babyloniae caminus 461 24.

311111111811111111 260 7, 54012.

1111111111 Calaber 31 17, 1393,

- 23513,26715,27218.

8. 31111111122 14, 2833, 285
10, 289 6, 390 5, 304 10, 306
15, 309 6, 316 21, 31922, 326
10,3415,36412,39819,442
2, 483 9, 485 7. .

, 311111 123 16.

31111111 488 22.

1111 1111111, 1111. ·
31111111 847 11710.
Μῃψ.1υ1,ω6ω

11131111111111111111111 242 21.·
3111111 40 2.

3111111111 259 7, 309 4.
Britanni 354 11. -
6111 128 18.
6111111362 19.

Callistus 1111111111 61. 195 7,
111111111111115111,
6111111111 Roseus 533 18.

· 6111111111 505 3

’ 11 camelo proverbium 194 21.
61111111 opp. 121
11.(1111111111111124 10, 37 11, 53

, 569

61111111 1111 opp. 564 11.

1161111111111111232212510, -ι

1287, .285 13, 2989, 3075,
317 3, 3799, 410 13, 416 21,
421 15, 423 18, 430 6, 436 1,
44218, 443 8, 445151122,
1111111111,11111,111 11,
4753, 48719, 48814,4891
1111, 4190144945, 49619,
497 22, 5276, 5315.

χρ-υσοῐ -κέρματα 523.

61111116161917.

611111111317 19.

6111111219 23.

6111111111. 31911.

61111111 Heracleae 1111111111 62
1, 80 1. 61. 1111111111 201
21, 20414, 2445, 24922, 519
1653216. .

6111111111 14 16, 24019.

11111111 11116111 11 13.

concilium 1111111414 7, 425 16,

“ ’ ’1111

61111111111111111111181 13, 1042.
Corcyraei 77 17.

8. (leemas 277 4, 490 11.
6111111 monasterium 244 9.
Oraga ipp. 39 4, 45 23, 8416,
6111111120 12.’

61·111111 111. 401, 4221, 853.

21, 55 20, 1492, 171 19, 177 611111121817. 611111111345.
11,1111,11111’11111111 1111111. 1111.

11, 51516.
Carmelus 11111 24021.
6111111111. 46 21.
Caspium 11111 199 15.

, Castellum 61 24223.
6111111111 42 10, 8417, 87 14, 88

61111113111111111111111151314.
611ο111611ς 411 20.

· 6111111112718, 1835
Cyrene urbe 166.
8. 61111111 292 21, 296 17, 298

2, 302 21, 30923, 493 11.

19,895, 151 17, 177 15, 189 Ιο.1)11111111111 1232, 2783, 281

5,242 13.

’ 20, 2923, 2973, 29851121,

61111111111111611111150325. 30513, 31919,32710,319.
61111111111111111 2493, 5573. 12, 3504, 353 11122, 355
61111111 111111 338 7.
611111111887, 90 21, 117 11, 12, 453 23.

5048. · 0111111111111417,24020.
Chaldaei 1810, 32 20, 3310, 0111111126 23, 28320, 42624,

215 16, 283 20. ’ 4481.

6111111611 Larisaeus 2849 Dardanus 11122718.
Chersonesus 85 20, 118 22, 203 0111111623.

15, 223 14. 0111111111 1111115592. . 1
61111· 111. 517, 783. David 127 2, 325 7, 332 ,12, 530
6111111111 8. 811111 111111 225,1,,6, 5211213116. 1111111αό111. ,

. 11 ν

 

15, 3577, 36719, 423 23, 435 ·

