· · assicuretis.

, 11

Latini 196, 9915, 49 13, 144 lliphon Scorpius 961116

9111111111 latinus 969 16.

1111 191 7

11111116111111111111111116199 6111111418 18

112111111118111,1111111119.
Λεσβία 1111611111 666 9.

Oceanus occidentalis 19918. ⁹

Olympia 916 16.
Olympus 611111 mons 98 6

Lcshos 61 996 13, 9191, 591 0111111111111.991,11111,169

965119 561 186661
, Leucosia 989.
Lindus 191.

111111 1111111111 gens 611 7

11, 569 1.,
synt 151 11.
Macedonia 99 6, 199 7.
1111111141 93, 191 17,19916.
8. Mamas 18899.
’ Manes haer. 167 7.

1111111111111 monasterium‘ 943 91.
Manichaei 3994, 494 13, 439 16,

Menoe 447 18.

11111111Α1111 619 16.
'Manuel caducusenus 948 93.
Mannel 1111111111111949 8.
Marcellus Gallus 974 3.
llureion 43913, 491 3.

’ 1111111111111397 19.
, Maria Andronici 11111657 17.

111111111111111111111 913 99.

Maximianus 63 7.

8. Maximus 986 16, 999 13, 993
18, 3913, 394 13, 39618, 397
fiet 16, 336 94, 366 13, 367
16, 36991, 3656, 36793,
39691, 49899 49699 453
9, 45417, 461 11, 47413, 489
99, 491 19 ’

Mediolanum 193 13 ·

1111113999.

Minotaurus 40 3. ·

Mitylene 693 95.

1111111111 909 99

111111 983 15, 4176, 4919, 443
8, 488 99.

Myr’tilus 136 8.

Mysi 1998, 118 3, 903 14.

Masiraei 513 11.

Nestorius 963 19.

9111111198 19, 5999.
llicephorus 9116111111 gener

1116617116 Pisanus 196 19,1918

111119131919191.

14,1699,15317,1789.
011111 ο1111.4699,4199.
0111114193.
0111114319.

’ 111115693111111111111111111169 911111111111810

11. 911111111119313,1483. 178
94,18791, 99714, 99619,
941 9, 554 3.

, 9111111111 11 11, 919 18. ,
Palenses 184 91 996 91, 649 19.

911411111ιὲ 68 t, 111 15. tta 11.
Paulus apostolus 196 99, 998 19,
37893, 386 1, 491 17, 498 9,
431 1,145 19, 499 16.
Paulus patriarcha 67 3. a
Peloponnesii ‘17 18, 919 1.
Pelops 136 9.

’ Pentapolis 16 t.

Perinthus s. lleraeles 78 14, 991
Petrus apostolus 419 91, 436 th
Pharnabazus 99 18.

Pharao 19 14, 49919.
9111111111111111111111 161 9,

911111111111166419.
Philotheus coccinus 1011111111.
Phocaea 6043, 695 9, 56999.

Phoenicia 15 19, 94918·
Photinus 974 3.

’ Pindarus 391 16, ·

Pisistratus 48119. ’
1111111111,1116.11111111
11113691,

Polyxena 1618 -
rosa 6111111161,
117 94 ἐπίνεια 46 19.
pensauren 1894, 1814.

9111111 996 99, 481 5.
Proeconnesus 666 11.

Propontis 86 1,
Protagoras 375 5.
9111111400 1.

9111111111111111111111139 17.
Pylades 67 14.
Pyramides 119.

 

