070 181181 .

Delphicus 151555 908 11, 915 11. 91111555 55515904 11
05115 Nilum 1110, Helle 5555151510, 789, 1178,
Democritus 354 18. 181φο 17,
numatianus 558. 99 1, 14411, 8555515515518, 93.
150 1, 170 94, 181 18. 115555155115555 11111 5511555 13 11.
’ 5145555555115.5,,,51555555515155
8045151559861831319, 396 1155555397 17.
99, 40091, 49518, 49811, uernam 1881·
4911045990, 43015, 449 1115551.5111551811
10,4441515 5117, 4899, 111555751151581 15, 954 99.
453 10. 111555555155101 16,
Dodona 908 14. , Homerus 199, 51 11 51 19, 910
Ecbatana 15 91. 18, 3699, 411 21.
Elias 191 19. Hyrcanas 811555155491115111 01
551151554491, 1118407 19. Υ94098, 11591 14491151
1555411149.5,1515,11155,17515,155
85551115 3058. 7, 908 90, 997 90,, 9311, 747
’1155555943 91, 9, 5043, 55810.
11515315 151555515159389. 8. 7555551 19811.
5555515113095.1511555555191.
855551559143,1959,84145113. Icarium 55555 84 91,
8151 pu! 184 15. iconomachi 381 15, 395 10, 410
Europa 903 7 51 11. · 15, 4601151 nemmem

85555155 5151, 404 10,4509,155155555110

. 484 6 1555155 440 93,

115515555551115 4510, 89111558 155551515979. a
9100 symbolum 137 5. ¹ ,1:3⁰⁰ Antiochi„ mmm„
5555519513. 111111155714,

, w* Γαλατωνυμονξρουιον 4191 1155555155.99813,93714,9475.

763, 780, 89 1 017 15, 500 1551195, 3508

93. 15Γ5151555 15 11, 009. 1515555 evangelist· 4315.
Gallicum 55554911. - 1555555 patriarcha 05. 947, 511
11597111 434, 10091,1045,17.
1155555555 41 13, 781, 145 11, loannes prodromus ,198 70,

1515,10014.155555555555155551559498,
Georgius an 11555 97 99, 37 18, 1555555 943 90, 37811.
Gratianopolis 505 5, lonium muro 11 16.
Gregorius Alexandriae patriarcha ,155555 448 1.

9919. 55513511. 15555055055555151571086141

. ungarius 1115555555 9854, 989 10,1591, 1884.

14, 99513 1591997 15, 351 5555 15155515ςί 15555 557 19

90, 3177, 391 1, 341 13, 359 15555 5555515519555511 90

19, 379 17, 493 00. 151155555511155555 835.
1155555155 theologus 191 7,187 1555511155 157, 997 18,

1, 9907, 99713, 3046, 813 Ismenian 1353.

1’2, 51555, 55555, 5573, 551 1555741551 11, 15394111

6, 41595199, 419 15, 491 93.

90, 4483, 464 99, 474 1115155155511151118713,

1151155910 10. , 151155115555151101431017.
Hecuba 1618. - 1115516073

1151555 51 15. , ’ Labyrinthus 39 19,
1151555151515551511555514899,1555555518114.
150 8, 95990 91419, 500 99. lapithas 11. 988.

 

