nia
Pyrenaei 1111111 42 11,
Pythagoraa 14120.

Pythagorei 64 9.
Pytho 39319.
8111111111 100 15.
1111111111. 11 11, 11111 11 19.
Romanus 1111111111 legatur 5182ζ
111111 11314.

nona 11115. 199 11, 111 11.
subernun 111 11.

, 81111111 111. 42 18.

Salomon 315 11, 439 11.
Samothrace 116 12.

Sarapin 88 6.

Sardinia ina. 190 7.
Scamander d. 51 18, 117 17.
8111111111. 8111111111 1111111111.
de 11111 rex 189 l·

8111111 18 18, 90 14. 11811111.

- 11111513 16, 517 17. νομαί· ,

1 der 5328. ὑπερβόρεοι 199 19.
ad Ctvdrnd παράλια 45 19.
Selymbria 149 12, 17914, 519

8111111346.

8111111148 16, 169 9, 556 23.
8111118521.

Sidou 140 21.

81111111. 227 17.

Simon 0111111. 557 8. ,
Simon magua 520 13.

8111111 135 29ΙΙ

8111111161 7, 498 23.
Sodoma 338 8.

S. Sophia 19819, 201 22, 235 8,

14720, 254 9, 516 ·17, 538 19.
Sophocleo 366 7.
Sozopoiir 83 21.
Sura 15 20.
Symeon 11111111111385 1.
Symeon nomophyiax 111 14. ”
Symeon Trapezuniiur 532 10.

INDEX nisnonrcm.

syna ro ro.
Tarlazia 42 1, 99 14, 19411199

’ nanus 19 10.

1111111111 381 3.

Tenediorum portuosae, 22616.

Tenedon 111. 789, 85 14, 13611,
241 21, 247 5, 15211, 2578,

- 593 21, 537 17, 554 5.

111111 1111111211 1.

Thabor mono 3788, 381 7, 394

3, 397 17, 424 1.
Thebae Aegyptiam 14 3.

. Thebae 8111111111 47 11, 18015.

Themistoclea 41 -19,

v Theodornadrapiuo 309 18, 381 91

458 8, 463 22, 464 5.
Theognoriua lioraiae epiaeopor
8. 1111111111387 4,

Theotimus 266 11, 342 19.

Therapea 88 5.

711111111331 21.

Theseus 40 8.

111111111557 10.

’11111111111144 6, 45 3, 74 ⁷,
14711, 168 14, 184 7, 22681
268 16, 610 4.

’11111111 114 12.

Thracia 7919, 100 7, 10310,

510 2. 1111111111111169181
Thule ina. 517 21.

Triballi 190 1, 179 3, 54010·
Trojano 14.

Tyrrhenicum 11111 190 7,
Tynna 240 21.

1111111218 17.
1111111120,115,1113,111

20, 171 23, 189 6.
veneriae 41 19, 85 5, 145 6·
Voioiimirum nubo boariae 11411.

 

